
==================================================
SVM
==================================================
              precision    recall  f1-score   support

           1       0.86      0.59      0.70       503
           2       0.57      0.78      0.66       412
           3       0.85      0.88      0.86       366
           4       0.95      0.89      0.92       140
           5       0.99      0.99      0.99        79

    accuracy                           0.76      1500
   macro avg       0.84      0.83      0.83      1500
weighted avg       0.79      0.76      0.77      1500


==================================================
Decision Tree
==================================================
              precision    recall  f1-score   support

           1       0.97      0.98      0.98       503
           2       0.94      0.94      0.94       412
           3       0.96      0.95      0.95       366
           4       0.96      0.96      0.96       140
           5       0.99      0.99      0.99        79

    accuracy                           0.96      1500
   macro avg       0.97      0.96      0.97      1500
weighted avg       0.96      0.96      0.96      1500


==================================================
Random Forest
==================================================
              precision    recall  f1-score   support

           1       0.97      0.98      0.98       503
           2       0.94      0.95      0.94       412
           3       0.96      0.94      0.95       366
           4       0.92      0.96      0.94       140
           5       0.99      0.95      0.97        79

    accuracy                           0.96      1500
   macro avg       0.96      0.95      0.95      1500
weighted avg       0.96      0.96      0.96      1500

